3.7383 -1.16062 3.11096 0.25223 0.347908 -0.255617
-2.13811 3.48048 -2.88354 0.190663 -0.0798509 0.455271
-1.43176 0.141898 4.78852 0.425795 0.138842 0.222309
-2.93078 0.874732 -3.95543 -0.238628 -0.336688 0.282308
-3.33629 -0.962592 -3.59758 -0.281926 0.359568 -0.203048
0.180841 4.74198 1.5751 -0.412538 0.278208 0.0491222
-0.0621394 4.57814 -2.00917 0.353633 0.034854 0.351751
-1.08807 4.26988 -2.36309 -0.136508 0.284712 0.387691
-3.455 3.60824 0.208751 -0.382544 -0.284439 0.150845
3.22932 -1.25047 -3.60664 -0.368972 -0.0325159 -0.335861
-1.94693 3.50104 2.99202 0.414519 -0.275623 0.0469664
-2.15984 4.50422 0.216955 0.170688 0.032165 -0.468861
-0.508531 3.52138 3.51302 0.283135 -0.276413 0.305665
2.53565 -2.64384 3.40302 -0.32778 -0.0587756 0.372969
3.58661 -1.84846 -2.95286 0.427196 -0.162506 0.20272
4.64947 0.902867 1.60226 0.32104 -0.054098 0.379482
-1.34134 4.1571 2.43296 0.411005 -0.0175107 -0.284198
3.17306 2.96077 -2.48305 0.462456 0.171215 -0.0825812
1.57563 -2.88444 3.76794 -0.284017 -0.0781302 -0.404017
-4.02198 -2.88024 0.726528 -0.0786715 -0.311292 0.383286
-3.63886 -3.42884 -0.0417773 0.185664 0.345526 0.310066
2.77998 -1.7606 3.76457 -0.181225 -0.284028 -0.369439
0.960851 -2.90668 -3.95322 0.219247 -0.353712 0.277162
-2.82312 2.05975 -3.57595 0.354385 -0.352311 0.0169777
-3.16838 -2.54357 2.91404 0.213415 0.143616 0.428752
1.38857 2.58615 -4.04768 -0.327028 0.0181027 -0.377789
-4.11053 -2.8227 -0.368716 0.384411 0.0881654 0.307335
-2.97297 -2.27052 3.31756 -0.239897 0.316395 -0.303881
3.25709 -2.91779 2.42443 -0.274296 -0.318016 0.271344
0.990904 -3.37324 -3.55519 -0.101526 0.387156 0.299671
-4.14297 1.5432 2.33545 -0.0533359 0.210747 -0.450268
0.474363 3.96166 -3.01335 0.393692 0.0615627 0.302021
2.28569 1.18901 -4.28508 0.208422 0.28028 0.357776
2.6973 2.39211 3.46444 0.180524 0.298663 0.358067
2.22389 -0.0365338 -4.47805 0.249004 0.293474 -0.319171
2.33622 -3.93184 2.02057 -0.353049 0.261493 -0.2387
-1.60991 -2.52523 -4.00392 0.194591 -0.404096 0.221
0.102679 4.53018 -2.11351 0.0515805 0.245299 -0.432629
-0.313543 1.01749 4.88533 -0.0633494 -0.211217 0.448747
-0.624266 -4.73555 -1.47811 0.112504 0.380693 -0.303999
4.95065 -0.481018 -0.509638 -0.227477 0.247354 -0.37023
1.26177 -4.75544 -0.890903 0.331068 0.293824 0.23251
-2.08249 -4.29587 1.48617 0.20221 0.366912 -0.272923
2.11316 -2.61718 3.69932 0.270645 0.224316 -0.355575
0.339364 -4.31365 -2.50544 0.322605 0.159108 -0.34729
-4.63105 -1.64881 0.913649 0.163711 0.29253 -0.370978
3.56189 -2.73335 -2.20039 -0.204165 0.318744 -0.326679
3.39268 -1.74634 -3.2311 -0.0508507 0.367258 0.335463
2.6313 1.97766 -3.76366 0.264613 -0.165457 0.390645
3.13109 2.94184 2.5577 -0.352893 0.349566 0.0571887
-1.65985 3.31569 3.35426 0.489928 -0.00243155 0.0998245
-3.09012 -2.07162 3.34059 -0.0108306 -0.0517764 0.497194
-0.0526732 -2.73602 -4.18467 0.198154 0.244817 -0.38833
1.45804 -0.107163 4.78149 0.23322 -0.334662 -0.289154
-0.0140765 -3.61564 -3.45354 -0.143424 -0.180047 0.443861
3.759 1.12356 3.0996 0.443809 -0.00547646 -0.230225
-2.4054 3.61542 2.47846 -0.200222 -0.289644 -0.35499
-4.451 1.67083 -1.54819 -0.215908 -0.171941 -0.416918
-0.810375 4.84509 0.931899 -0.304071 0.20581 0.339386
-0.122274 -3.33304 3.72504 0.197259 0.0278071 -0.458602
0.839181 -1.07595 4.81021 -0.161588 -0.391185 -0.266203
2.07007 1.25141 4.37593 -0.143726 0.353245 -0.323359
-0.773185 -4.28654 2.45515 0.265837 -0.199894 -0.373327
2.94284 1.77927 -3.62959 -0.0478807 0.457657 0.195596
-3.09875 -0.279804 3.91401 -0.348741 -0.343898 -0.100569
-2.48165 1.96692 3.86945 -0.251477 -0.306234 -0.304927
-0.616602 4.09569 2.80091 -0.072619 -0.481543 0.113324
3.09759 1.17779 3.74403 -0.15121 -0.214321 0.425678
-0.33573 -4.73413 1.5733 0.082995 0.383352 0.310085
-2.20568 2.73125 -3.56023 -0.299139 0.315966 -0.246336
-0.213814 -3.21317 3.82489 -0.229739 -0.156849 0.415474
-2.01912 4.08246 2.06316 -0.391182 -0.204614 0.234755
1.54753 4.12919 -2.35689 -0.327278 -0.354246 0.131904
-3.80885 1.70408 2.75477 0.285506 -0.389823 -0.128549
-2.77026 -0.991708 -4.04255 -0.156437 0.0449737 -0.472763
0.550628 -4.82486 -1.19061 -0.179183 -0.295907 0.361015
-4.16958 2.60489 0.910592 0.378878 0.16794 0.279727
3.19626 -3.03796 2.35685 -0.409737 0.027338 0.285251
3.17774 3.82822 0.496725 -0.179186 -0.248764 0.39498
3.06054 1.80261 -3.51905 -0.350837 -0.327803 0.139493
-4.00815 1.52634 2.57003 0.0480697 -0.353536 -0.350288
-2.82387 -3.45703 2.25271 0.35426 -0.3159 -0.157184
1.89401 4.28975 1.73515 -0.175995 0.362802 -0.295635
-3.60783 0.0364192 3.46153 0.163198 0.375509 -0.286984
-1.2109 2.36565 4.23526 0.0477429 0.240703 0.435641
-2.63818 4.2168 0.508525 0.496322 -0.00640484 0.0601976
3.55571 2.42628 2.54364 0.0894572 0.148817 0.468883
3.62777 -1.46041 3.11553 0.145261 0.224467 0.422509
2.94203 3.1502 -2.53391 0.149003 -0.0420202 -0.475429
2.46329 3.04345 3.1096 0.378265 -0.201349 0.257632
2.70521 4.06487 1.07641 -0.298045 0.066974 -0.395833
2.58238 0.233298 4.27515 0.0194043 -0.499451 -0.013139
0.0940392 -4.10267 2.85644 -0.310286 0.370316 -0.128798
-3.99746 -0.975984 -2.84038 -0.0867314 -0.448891 0.202422
1.11034 4.71342 1.24531 -0.053414 -0.0227051 0.49662
-3.50708 -3.3836 1.11875 0.119768 -0.341524 -0.344989
1.29484 4.21043 2.36551 -0.0519023 -0.0858405 0.489834
3.00922 2.98428 2.65305 0.421458 -0.262697 0.0579949
-2.64577 -0.21147 4.23736 -0.0279154 0.317113 0.385565
-3.72386 -0.494117 3.29981 0.245866 0.373514 -0.223689